0 2011 2
2011 1 2
1 2 3
1 5 1.5
2013 2 3.6
2019 2013 3
2019 6 2
6 7 2
7 9 2.4
2202 9 2.7
2202 2204 1.5
2204 2206 1.5
2206 2209 1.2
2209 10 1.5
10 2208 0.45
10 2211 0.45
10 2212 1.8
2212 2219 1.5
2219 2214 1.5
2214 2216 1.2
11 2216 1.2
11 2222 0.9
2222 2224 1.3
2224 2226 1.8
2226 2221 1.2
2221 2228 1.05
2228 2232 1.2
2232 12 1.2
12 2234 1.35
2234 2231 1.5
2231 13 1.2
13 14 2.4
13 15 1.2
15 2241 0.45
15 2243 0.7
6 8 2.1
8 2026 2.4
2026 2028 2
2028 2039 1.5
2039 16 1.6
16 2032 0.45
16 2018 0.4
16 2032 1.5
2032 2038 0.6
2038 17 1.5
17 2042 1.2
2042 2044 1.2
17 2016 2
2016 2042 0.5
2016 2044 0.5
2016 18 2.4
2044 18 1.8
18 2014 1.5
2014 2048 0.6
18 2048 2.1
2014 19 0.75
19 2048 0.6
19 2052 0.9
2048 2052 1.3
2052 4 1.3
5 2006 2
2006 2008 2.1
2008 3 2.1
2008 2002 1.8
3 2004 1.5
3 2012 2.1
2012 4 1.5
4 2054 1.2
2054 2056 1.2
2056 2058 1.35
2058 2051 1.05
2051 20 1.5
20 2062 1.35
2062 2064 1.05
2064 21 0.9
21 2059 0.9
21 2061 1.4
2061 2066 1.2
2066 2068 1.1
2068 22 1.8
22 2072 1.6
2072 23 0.9
2072 2065 0.9
2072 2074 0.9
2065 23 0.45
23 2074 0.55
23 24 0.9
24 2071 0.6
2071 25 0.9
25 2076 0.95
2076 26 1.8
26 2082 1.1
2082 27 0.9
2081 27 0.9
2081 2084 0.6
2086 2084 0.8
28 2086 1
2089 28 1
2089 29 1.05
29 2088 0.6
29 30 1.5
30 2091 0.6
30 2099 1.2
29 30 0.6
30 31 0.75
31 2092 0.4