0 2011 2
2011 1 2
1 2 3
1 5 1.5
2013 2 3.6
2019 2013 3
2019 6 2
6 7 2
7 9 2.4
2202 9 2.7
2202 2204 1.5
2204 2206 1.5
2206 2209 1.2
2209 10 1.5
10 2208 0.45
10 2211 0.45
10 2212 1.8
2212 2219 1.5
2219 2214 1.5
2214 2216 1.2
11 2216 1.2
11 2222 0.9
2222 2224 1.3
2224 2226 1.8
2226 2221 1.2
2221 2228 1.05
2228 2232 1.2
2232 12 1.2
12 2234 1.35
2234 2231 1.5
2231 13 1.2
13 14 1.5
13 15 1.2
14 44 1.8
14 36 2.4
37 44 2.4
15 2241 0.45
15 2243 0.7
6 8 2.1
8 2026 2.4
2026 2028 2
2028 2039 1.5
2039 16 1.6
16 2032 0.45
16 2018 0.4
16 2032 1.5
2032 2038 0.6
2038 17 1.5
17 2042 1.2
2042 2044 1.2
17 2016 2
2016 2042 0.5
2016 2044 0.5
2016 18 2.4
2044 18 1.8
18 2014 1.5
2014 2048 0.6
18 2048 2.1
2014 19 0.75
19 2048 0.6
19 2052 0.9
2048 2052 1.3
2052 4 1.3
5 2006 2
2006 2008 2.1
2008 3 2.1
2008 2002 1.8
3 2004 1.5
3 2012 2.1
2012 4 1.5
4 2054 1.2
2054 2056 1.2
2056 2058 1.35
2058 2051 1.05
2051 20 1.5
20 2062 1.35
2062 2064 1.05
2064 21 0.9
21 2059 0.9
21 2061 1.4
2061 2066 1.2
2066 2068 1.1
2068 22 1.8
22 2072 1.6
2072 23 0.9
2072 2065 0.9
2072 2074 0.9
2065 23 0.45
23 2074 0.55
23 24 0.9
24 2071 0.6
2071 25 0.9
25 2076 0.95
2076 26 1.8
26 2082 1.1
2082 27 0.9
2081 27 0.9
2081 2084 0.6
2086 2084 0.8
28 2086 1
2089 28 1
2089 29 1.05
29 2088 0.6
29 30 1.5
30 2091 0.6
30 2099 1.2
29 31 0.6
31 32 0.75
32 2092 0.4
32 33 1.5
33 40 1.5
33 34 2.1
40 35 2.1
0 41 1.5
41 42 1.5
41 43 1.5
42 38 2
43 39 1.8
39 83 3
37 81 3
89 82 3
81 59 2.4
59 89 1.8
34 80 3
80 85 3
85 78 2.1
78 79 3
78 77 1.5
45 86 1.5
83 87 2
88 84 2
87 86 1.5
88 86 1.5 
45 3011 2
3011 46 47
46 47 3
46 50 1.5
3013 47 3.6
3019 3013 3
3019 51 2
51 52 2
52 54 2.4
3202 54 2.7
3202 3204 1.5
3204 3206 1.5
3206 3209 1.2
3209 55 1.5
55 3208 0.45
55 3211 0.45
55 3212 1.8
3212 3219 1.5
3219 3214 1.5
3214 3216 1.2
56 3216 1.2
56 3222 0.9
3222 3224 1.3
3224 3226 1.8
3226 3221 1.2
3221 3228 1.05
3228 3232 1.2
3232 57 1.2
57 3234 1.35
3234 3231 1.5
3231 58 1.2
58 59 1.5
58 60 1.2
60 3241 0.45
60 3243 0.7
51 53 2.1
53 3026 2.4
3026 3028 2
3028 3039 1.5
3039 61 1.6
61 3032 0.45
61 3018 0.4
61 3032 1.5
3032 3038 0.6
3038 62 1.5
62 3042 1.2
3042 3044 1.2
62 3016 2
3016 3042 0.5
3016 3044 0.5
3016 63 2.4
3044 63 1.8
63 3014 1.5
3014 3048 0.6
63 3048 2.1
3014 64 0.75
64 3048 0.6
64 3052 0.9
3048 3052 1.3
3052 49 1.3
50 3006 2
3006 3008 2.1
3008 48 2.1
3008 3002 1.8
48 3004 1.5
48 3012 2.1
3012 49 1.5
49 3054 1.2
3054 3056 1.2
3056 3058 1.35
3058 3051 1.05
3051 65 1.5
65 3062 1.35
3062 3064 1.05
3064 66 0.9
66 3059 0.9
66 3061 1.4
3061 3066 1.2
3066 3068 1.1
3068 67 1.8
67 3072 1.6
3072 68 0.9
3072 3065 0.9
3072 3074 0.9
3065 68 0.45
68 3074 0.55
68 69 0.9
69 3071 0.6
3071 70 0.9
70 3076 0.95
3076 71 1.8
71 3082 1.1
3082 72 0.9
3081 72 0.9
3081 3084 0.6
3086 3084 0.8
73 3086 1
3089 73 1
3089 74 1.05
74 3088 0.6
74 75 1.5
75 3091 0.6
75 3099 1.2
74 76 0.6
76 77 0.75
77 3092 0.4